15360 17408 19456 21504 23552 25600 27648 29696 31744 33792 35840 37888 39936 41984 44032 46080 
15360 17408 19456 21504 23552 25600 27648 29696 31744 33792 35840 37888 39936 41984 44032 46080 
15360 17408 19456 21504 23552 25600 27648 29696 31744 33792 35840 37888 39936 41984 44032 46080 
15360 17408 19456 21504 23552 25600 27648 29696 31744 33792 35840 37888 39936 41984 44032 46080 
15360 17408 19456 21504 23552 25600 27648 29696 31744 33792 35840 37888 39936 41984 44032 46080 
15360 17408 19456 21504 23552 25600 27648 29696 31744 33792 35840 37888 39936 41984 44032 46080 
15360 17408 19456 21504 23552 25600 27648 29696 31744 33792 35840 37888 39936 41984 44032 46080 
15360 17408 19456 21504 23552 25600 27648 29696 31744 33792 35840 37888 39936 41984 44032 46080 
15360 17408 19456 21504 23552 25600 27648 29696 31744 33792 35840 37888 39936 41984 44032 46080 
15360 17408 19456 21504 23552 25600 27648 29696 31744 33792 35840 37888 39936 41984 44032 46080 
15360 17408 19456 21504 23552 25600 27648 29696 31744 33792 35840 37888 39936 41984 44032 46080 
15360 17408 19456 21504 23552 25600 27648 29696 31744 33792 35840 37888 39936 41984 44032 46080 
15360 17408 19456 21504 23552 25600 27648 29696 31744 33792 35840 37888 39936 41984 44032 46080 
15360 17408 19456 21504 23552 25600 27648 29696 31744 33792 35840 37888 39936 41984 44032 46080 
15360 17408 19456 21504 23552 25600 27648 29696 31744 33792 35840 37888 39936 41984 44032 46080 
15360 17408 19456 21504 23552 25600 27648 29696 31744 33792 35840 37888 39936 41984 44032 46080 
